1. 342	29943
2. 346	28832
3. 430	22567
4. 450	24986
5. 456	34761
6. 480	24987
7. 486	33764
8. 490	25097
9. 530	26967
10. 540	26968
11. 556	52567
12. 564	31890
13. 565	27537
14. 579	35555
15. 585	37892
16. 596	39901
17. 604	38538
18. 642	37338
19. 645	32566
20. 652	33760
21. 685	39900
22. 685	45600
23. 713	39460
24. 716	45854
25. 725	46783
26. 733	43124
27. 752	36720
28. 752	45850
29. 762	42890
30. 785	40223
31. 786	49674
32. 803	47893
33. 812	46088
34. 813	46725
35. 815	52746
36. 816	41895
37. 825	47794
38. 845	53120
39. 846	53411
40. 851	49006
41. 864	53908
42. 882	56942
43. 893	47962
44. 925	60942
45. 952 60134
46. 953	60245
47. 971	59670
48. 1100 61220
49. 1150 70002
50. 1200 70011
