1. 963	10369
2. 1025	12569
3. 1086	10325
4. 1325	15236
5. 1546	16589
6. 1564	14563
7. 2014	23654
8. 2036	21546
9. 2130	23654
10. 2145 23069
11. 2145 26547
12. 2365 25986
13. 2467 26586
14. 2541 23452
15. 2641 23502
16. 2654 23548
17. 2823 30214
18. 2912 30125
19. 2956 30215
20. 2987 25896
21. 3012 31254
22. 3025 32584
23. 3045 30258
24. 3145 32546
25. 3425 36945
26. 3456 32569
27. 3465 34151
28. 3689 34265
29. 3752 39645
30. 3754 32596
31. 3965 36464
32. 3987 32589
33. 4120 43256
34. 4326 45896
35. 4423 45875
36. 5123 53652
37. 5232 54621
38. 5236 55321
39. 5264 54131
40. 5684 55844
41. 6253 65432
42. 6429 65863
43. 6432 65235
44. 7235 74236
45. 7352 75236
46. 7412 75862
47. 7725 79246
48. 8532 86412
49. 8823 90265
50. 9623 97654
