1. 6875	4876
2. 16624 34381
3. 38708 5425
4. 45838 36776
5. 19082 42407
6. 40268 2061
7. 26505 5340
8. 26337 16184
9. 6213	23883
10. 10194 13281
11. 40221 48883
12. 22255 27142
13. 35856 27832
14. 21475 36954
15. 26891 11686
16. 16341 11348
17. 29869 30937
18. 24460 262
19. 40018 23696
20. 7423 11203
21. 30988 43839
22. 47928 49243
23. 35503 9863
24. 5487 40771
25. 28905 35446
26. 7519 793
27. 20853 28602
28. 14281 16221
29. 34212 17212
30. 12364 1573
31. 41407 17592
32. 20295 41236
33. 21728 27540
34. 28330 42581
35. 27727 10496
36. 394	35111
37. 28534 22174
38. 45415 48814
39. 4255 44311
40. 38719 14056
41. 4876 26525
42. 44852 6827
43. 26735 8650
44. 44240 27917
45. 40360 35756
46. 36003 33197
47. 9329 44315
48. 18131 42990
49. 14906 2500
50. 10377 2500
